-1.0856306033 0.997345446584 
0.282978498052 -1.50629471392 
-0.578600251969 1.6514365371 
-2.42667924339 -0.428912628856 
1.26593625871 -0.866740402265 
-0.678886151622 -0.0947089689369 
1.49138962612 -0.638901996685 
-0.443981959646 -0.434351275619 
2.20593008273 2.18678608897 
1.00405389788 0.386186399175 
0.737368575896 1.49073202815 
-0.935833868402 1.17582904478 
-1.25388066775 -0.637751502453 
0.9071051958 -1.42868070023 
-0.140068720189 -0.86175489586 
-0.255619370531 -2.79858910546 
-1.77153310451 -0.699877234598 
0.927462431759 -0.17363568279 
0.00284591589681 0.688222711102 
-0.879536343009 0.283627323807 
-0.805366518066 -1.72766949412 
-0.390899793755 0.573805862405 
0.338589051 -0.0118304944788 
2.39236526594 0.412912160309 
0.978736005937 2.2381433385 
-1.29408532316 -1.0387882102 
1.74371222512 -0.798062735241 
0.0296832303033 1.06931596942 
0.890706391293 1.75488618198 
1.49564413703 1.06939266971 
-0.772708714247 0.794862667793 
0.314271994507 -1.32626545994 
1.41729904648 0.807236534579 
0.0454900806311 -0.233092060984 
-1.1983011447 0.199524073559 
0.468439119446 -0.831154984243 
1.1622040491 -1.09720304648 
-2.12310035004 1.03972709089 
-0.403366038102 -0.126029585313 
-0.837516722825 -1.60596276072 
1.25523737472 -0.688868983847 
1.66095248815 0.807308186211 
-0.314758146717 -1.08590240113 
-0.73246198672 -1.2125231311 
2.08711335959 0.16444123023 
1.15020554255 -1.26735204901 
0.181035129597 1.17786193881 
-0.335010761933 1.03111445892 
-1.08456791201 -1.36347154462 
0.379400612078 -0.379176434573 
0.642054689272 -1.97788793152 
0.712264635471 2.59830392727 
-0.0246259814315 0.0341421289098 
0.179549484639 -1.86197571079 
0.42614663969 -1.60540974402 
-0.427679598124 1.2428695496 
-0.7352169561 0.501248989567 
1.01273905396 0.278740856096 
-1.37094847009 -0.332475275351 
1.95941134239 -2.025045763 
-0.275786013866 -0.552108071488 
0.120747363097 0.748215617187 
1.60869096802 -0.270232392009 
0.812341329977 0.499740144865 
0.474347297872 -0.563923931526 
-0.997321468776 -1.10004311262 
-0.756437209399 0.321686575866 
0.760949393128 0.323468847857 
-0.548955096196 1.80597010993 
1.51886562363 -0.35400011275 
-0.823431405986 0.130214954158 
1.26729864505 0.332764977254 
0.55654870491 -0.212080122276 
0.456270895202 1.54454445146 
-0.239668781478 0.143307732508 
0.25381647655 0.283725355771 
-1.41188887607 -1.87686865587 
-1.01965507092 0.167942295402 
0.553856166003 -0.530674559774 
1.37725748287 -0.143175974326 
4.02031599823 4.80603612945 
4.13402679275 5.70447407404 
4.66565343791 4.10157705939 
5.52366377648 3.90497354257 
4.07922701409 4.72560342648 
2.95100832268 4.92487941203 
3.25918622671 5.07290724328 
4.40308596122 6.47192936897 
4.30738421863 4.3887746597 
3.60838018928 5.13997810611 
4.09346082946 6.45958926823 
5.39535292976 4.64106407376 
3.45135787181 2.44294539593 
3.45107958668 4.02194229392 
3.64517554191 5.39158424235 
4.1771923292 4.97003199295 
4.19958211109 4.87388222677 
4.19701893254 1.76894499208 
3.73070651025 4.88914927895 
3.65873828379 4.7820537379 
4.70331011781 4.40189466866 
6.20070209922 5.68829693022 
3.99369274909 4.7933376968 
3.91347771362 4.08469293006 
3.90479746074 5.27868351673 
4.57954161557 5.57968977914 
3.72512245343 3.58391774748 
3.33089737377 6.61219304281 
4.89605831341 5.3696195863 
3.23870575524 5.00364515497 
2.74433131434 4.4480631243 
3.75479665831 4.63836006813 
4.95660193106 3.58127408596 
3.13456772848 3.62531202898 
2.76264678731 5.12405589645 
2.39955946694 5.75386877884 
3.75318422306 5.06878833253 
4.322576738 4.56583347975 
5.03247971575 4.80565727327 
4.59407025524 4.80088761724 
4.29087438742 5.27966267016 
4.24996993946 4.02569215038 
4.43587577055 4.6810430109 
4.63048803049 2.84750655559 
2.53488377795 5.36344556214 
5.86292758511 5.83505874681 
3.3175490658 3.30794758462 
4.74268622116 4.91941677796 
4.59070421789 5.11529872221 
4.02964292512 7.95862544589 
3.99387003895 4.84075479075 
3.8785513246 4.41646328329 
4.99013289472 4.64624566622 
4.63594270564 5.28460302981 
5.21898586213 5.42017959699 
2.78661521905 3.67351221495 
5.40836914608 4.39128919674 
2.67939742021 4.33038140013 
5.26462528697 3.57978700105 
3.13350479624 4.3331924912 
2.74881012653 3.81567266149 
2.48189202474 4.53881258686 
3.64509116826 4.3174618458 
2.34630216103 6.25333594686 
2.67092117083 5.27803371202 
2.92523340688 5.66831686674 
4.95583235517 4.12238641337 
2.0762842703 5.69578731914 
5.87580054671 5.41569453989 
4.16054442148 5.81976060961 
4.765054846 4.17101116624 
3.3408486893 5.61112355006 
3.85598665252 6.31660559586 
3.29565785287 5.75060991687 
4.34263798137 4.87356243629 
5.17591077183 5.68007153287 
2.99503284662 5.64021868042 
5.37499063149 4.86955531102 
3.75134414962 4.33035285236 
3.98639611432 5.68620068605 
