115 12
0 108 1 8 24 87 82 4 40 106 17 68
1 0 61 68 106 108 14 40 8 24 83 17 87
2 19 78 41 107 88 23 110 53 75 39 96
3 85 86 24 48 78 103 16 53 59 61
4 45 0 97 44 83 57 7 70 66 36 87
5 114 98 49 29 47 105 72 13 101 35 68
6 93 68 20 12 23 54 44 84 109 77 104
7 45 73 50 44 26 16 4 70 17 36
8 0 1 108 66 21 68 29 40 106 17 87
9 78 114 48 28 82 95 99 69 32 55 14
10 56 64 113 18 27 43 78 62 75 31 51
11 85 80 73 37 63 111 30 42 112 14
12 47 50 68 20 23 93 84 109 77 6
13 110 21 98 35 49 47 105 72 50 101 5
14 85 1 80 97 9 111 30 37 112 42 11
15 45 47 97 58 23 65 84 101 102
16 7 52 103 24 3 71 61 78 53 67
17 0 1 68 30 65 40 106 108 7 8 100 87
18 94 10 28 82 95 114 69 72 55 106 32
19 56 110 2 41 107 88 74 37 96 39 51
20 59 74 25 93 23 12 84 109 77 6
21 36 8 98 35 29 47 105 72 13 49 25
22 33 52 91 81 48 104 71 23 92 79 63
23 85 80 2 20 93 12 77 6 15 22 84 109
24 0 1 81 36 3 71 16 53 78 59 61
25 20 21 66 88 44 95 74 29 94 39 96
26 7 73 50 66 44 83 43 57 69 70 93
27 34 64 94 62 10 30 46 43 75 51
28 114 70 43 18 95 99 69 32 55 89 9
29 21 55 105 35 72 25 8 98 47 49 50 5
30 85 80 41 37 11 27 111 42 112 14 17
31 33 52 60 48 104 10 92 42 111 67 63
32 94 35 18 82 99 69 28 55 77 79 9
33 52 91 97 48 104 93 61 31 81 60 22
34 56 74 113 27 38 46 55 54 51
35 21 13 98 49 29 47 105 32 84 106 5
36 45 73 21 24 50 83 76 4 70 7 44
37 85 80 11 111 19 30 42 112 14 79 96
38 90 56 34 104 46 99 62 75 54 113
39 110 86 2 41 107 88 74 19 59 25 96
40 0 1 8 68 93 114 108 100 106 17 87
41 19 64 2 107 88 30 110 55 96 39 51
42 85 80 37 111 99 30 53 112 31 14 11
43 64 62 54 28 10 46 26 75 27 51
44 45 7 50 25 26 57 4 70 36 6 87
45 58 44 57 4 70 7 15 66 83 76 109 36
46 56 64 113 114 27 43 38 69 34 54
47 21 15 105 98 35 29 12 5 13 72 77
48 33 60 81 63 3 67 92 31 22 9
49 5 21 98 35 29 105 72 13 109 77
50 7 73 83 44 29 57 12 26 13 66 36
51 56 64 41 34 82 27 10 19 62 43 75
52 90 91 81 63 104 67 16 33 31 22 98
53 59 16 2 24 103 3 71 61 42 107 96
54 56 34 62 102 95 64 38 46 43 113 6
55 94 28 82 95 69 32 29 41 34 9 100 18
56 90 86 113 63 10 38 46 19 34 54 51
57 73 44 58 4 69 45 66 113 83 26 50 100
58 45 93 15 97 76 57 65 70 101 102
59 78 103 24 3 71 74 65 53 20 39 61
60 67 33 48 104 31 91 92 112 65 63
61 74 1 76 24 3 71 16 33 53 78 59
62 90 64 86 27 43 38 54 10 75 107 51
63 56 52 60 48 92 91 31 67 65 22 11
64 41 62 54 27 95 10 46 43 75 51
65 59 15 97 87 58 109 60 101 17 102 63
66 45 73 8 70 4 83 26 57 69 50 25
67 52 91 81 48 63 92 16 31 71 89 60
68 0 1 87 93 12 5 106 108 6 40 8 17
69 94 28 57 46 32 114 66 18 26 99 55 9
70 45 7 66 44 58 26 4 73 28 36
71 59 103 24 97 78 67 16 53 89 22 61
72 21 84 98 49 29 47 105 5 13 77 18
73 7 94 50 83 26 57 70 66 36 11
74 19 20 108 61 34 39 111 88 59 112 25
75 88 86 2 113 27 64 38 62 10 43 51
76 45 103 61 36 58 100 89 79
77 47 32 20 93 23 12 72 84 109 49 6
78 59 16 2 24 103 3 10 114 71 9 61
79 37 86 103 76 92 32 100 89 22
80 85 30 37 111 23 42 112 14 107 11
81 33 52 103 24 48 104 67 91 92 22
82 0 114 94 98 95 99 18 32 55 9 51
83 45 103 73 1 26 57 4 50 66 36
84 93 15 105 35 20 23 12 72 109 77 6
85 80 37 110 3 111 30 14 11 23 92 42 112
86 56 113 79 3 62 75 39
87 0 1 8 68 44 4 108 65 40 106 17
88 19 110 2 41 107 74 25 75 39 96
89 90 76 28 71 91 100 67 79
90 56 52 100 62 38 112 89 107
91 33 52 60 81 104 22 67 89 102 63
92 85 60 81 113 104 67 48 31 22 79 63
93 20 68 58 12 40 77 6 33 26 23 84 109
94 114 73 18 82 95 99 69 32 55 27 25
95 114 94 18 82 64 99 55 54 28 25 9
96 110 19 2 41 107 88 53 25 101 37 39
97 33 15 108 58 65 4 71 101 14 102
98 52 21 35 82 29 47 49 72 13 106 5
99 108 114 94 28 82 95 38 69 32 42 9
100 90 40 104 76 57 110 55 89 17 79
101 15 97 58 105 65 5 13 102 96
102 105 15 97 54 58 65 91 109 101
103 59 78 81 83 3 71 16 53 76 79
104 33 52 91 81 6 31 38 92 100 60 22
105 21 13 35 49 29 47 72 84 101 5 102
106 0 40 108 68 1 87 18 35 8 17 98
107 80 90 2 41 62 110 88 19 53 39 96
108 0 1 8 97 68 99 40 106 17 74 87
109 45 93 102 20 23 12 49 84 65 77 6
110 85 19 2 41 107 88 13 100 39 96
111 85 80 30 37 74 31 42 112 14 11
112 85 80 90 42 111 74 30 60 37 14 11
113 86 38 34 54 46 57 92 10 75 56
114 40 94 28 82 95 46 5 78 9 69 99 18
