0
38
66
94
120
144
166
188
215
241
266
292
312
334
351
367
382
396
410
426
439
452
461
477
488
496
503
510
525
536
554
568
580
594
605
611
617
623
632
637
649
657
666
673
682
691
699
705
712
723
737
746
754
765
776
785
792
798
805
813
824
828
835
844
857
872
876
881
890
904
915
930
941
949
958
968
977
983
993
1001
1013
1026
1037
1049
1060
1071
1081
1094
1106
1114
1122
1132
1138
1145
1151
1154
1157
1158
1156
1158
1158
1153
1149
1145
1140
1134
1131
1126
1122
1114
1106
1102
1095
1090
1085
1081
1071
1072
1072
1077
1082
1086
1087
1088
1094
1097
1099
1110
1118
1125
1129
1131
1135
1137
1140
1141
1142
1142
1141
1144
1147
1155
1160
1161
1165
1168
1173
1178
1186
1194
1202
1209
1219
1228
1236
1242
1247
1254
1261
1264
1270
1277
1282
1285
1287
1287
1289
1290
1291
1292
1294
1296
1297
1297
1297
1299
1301
1303
1300
1300
1300
1300
1304
1304
1304
1302
1306
1308
1313
1317
1319
1319
1318
1319
1319
1319
1318
1319
1320
1323
1325
1326
1327
1328
1327
1325
1323
1322
1318
1319
1315
1323
1325
1328
1328
1334
1335
1336
1336
1334
1334
1335
1335
1339
1338
1339
1343
1346
1355
1362
1363
1368
1372
1376
1381
1384
1386
1392
1399
1407
1412
1423
1424
1428
1435
1442
1450
1457
1462
1467
1469
1473
1474
1475
1475
1479
1481
1483
1485
1489
1494
1497
1500
1500
1499
1499
1504
1508
1505
1507
1507
1509
1513
1515
1520
1522
1523
1528
1531
1534
1535
1536
1537
1536
1535
1532
1530
1526
1528
1529
1532
1530
1529
1527
1526
1526
1526
1526
1527
1526
1527
1528
1529
1528
1525
1522
1519
1514
1509
1508
1504
1501
1499
1496
1492
1489
1488
1484
1479
1475
1469
1469
1469
1470
1468
1465
1464
1461
1460
1455
1450
1447
1445
1444
1441
1441
1441
1437
1437
1435
1431
1427
1420
1413
1406
1402
1398
1395
1388
1385
1380
1375
1368
1369
1372
1374
1376
1378
1375
1369
1363
1358
1352
1349
1347
1345
1342
1338
1334
1328
1322
1316
1309
1302
1301
1295
1287
1281
1272
1264
1256
1250
1245
1240
1236
1233
1234
1236
1237
1240
1245
1252
1257
1261
1264
1266
1266
1266
1265
1262
1259
1255
1249
1244
1238
1231
1223
1213
1203
1192
1181
1172
1160
1150
1145
1135
1124
1112
1101
1088
1074
1059
1047
1042
1037
1031
1022
1011
1003
996
990
982
973
962
952
939
927
913
898
882
865
852
839
826
817
807
797
792
782
777
770
761
754
745
736
732
727
724
720
713
705
698
690
683
677
674
667
658
648
636
625
612
600
591
579
566
552
536
520
502
487
471
453
438
423
410
398
388
373
358
345
331
315
298
279
259
238
215
190
163
135
0
30
58
84
108
130
153
177
196
214
233
252
269
285
298
310
321
331
339
346
349
351
353
355
354
351
347
344
340
335
331
328
322
317
311
311
308
307
307
307
308
310
311
315
321
327
331
337
342
347
352
354
356
358
357
360
357
360
363
365
368
369
373
375
376
378
382
387
390
394
396
395
395
394
396
397
396
394
393
389
385
378
370
364
365
363
362
361
359
357
356
355
352
351
349
350
357
359
363
366
368
370
370
369
367
363
357
353
349
348
349
351
351
351
349
348
346
344
344
344
344
350
349
356
362
368
372
374
376
376
382
386
390
392
393
394
394
394
393
394
395
395
393
392
390
386
381
379
376
372
369
365
360
354
352
349
345
344
342
339
341
344
348
351
354
356
358
359
359
366
366
368
376
384
391
396
399
402
404
405
405
403
399
394
389
387
381
378
380
376
374
370
368
366
363
358
354
348
352
358
363
371
379
385
390
394
398
403
407
410
412
413
414
415
416
419
420
419
416
412
406
400
392
386
378
369
361
351
339
332
326
321
322
329
318
324
331
339
345
349
354
358
366
372
381
389
397
403
408
414
418
424
428
430
431
431
430
433
435
436
437
437
437
437
435
435
434
431
428
424
419
412
403
394
387
379
371
363
355
346
340
340
340
343
348
353
358
363
368
371
375
381
389
398
406
413
419
424
429
432
434
435
437
439
439
439
439
437
433
431
428
424
420
416
411
404
395
389
388
386
386
385
382
378
373
368
364
359
356
358
358
359
359
358
355
351
346
339
331
323
323
324
326
328
329
329
333
336
334
338
341
351
361
369
380
392
403
412
421
428
435
444
458
464
469
472
474
477
479
481
483
484
484
483
483
483
481
479
475
470
469
465
462
459
456
452
447
441
437
435
436
436
437
437
440
442
442
441
444
445
448
448
446
444
443
441
439
438
438
437
434
433
431
428
423
418
411
409
405
400
393
389
383
376
368
360
352
345
338
342
346
348
351
359
365
372
378
387
394
404
414
422
430
436
440
450
453
461
468
474
478
482
484
485
485
484
482
482
480
476
472
468
466
465
463
460
456
450
447
443
441
437
436
431
427
426
425
423
419
413
409
404
398
392
384
375
365
355
343
329
313
296
277
257
236
213
189
163
135
